34 32 31
34 33 31
32 31 25
25 28 31
31 28 33
32 26 25
25 26 27
25 27 28
27 28 29
28 29 30
28 30 33
32 16 26
16 26 19
26 19 20
26 20 27
20 27 17
27 17 29
29 17 21
21 29 24
29 24 30
21 23 24
24 23 30
23 30 14
30 33 14
11 15 16
11 16 19
11 19 9
9 19 18
19 20 17
19 18 17
17 18 21
18 21 22
9 18 2
18 2 1
18 1 22
21 22 23
1 3 22
3 22 10
22 23 10
23 10 12
23 12 14
12 14 13
1 2 3
2 5 9
2 4 5
2 3 4
3 4 7
3 7 10
4 5 7
5 6 7
5 6 9
6 8 9
6 7 10
6 8 10
8 9 35
8 35 36
8 10 36
9 35 39
35 39 40
35 36 40
10 36 40
10 40 50
39 9 41
9 41 11
41 11 42
11 42 15
42 15 43
15 43 16
43 16 44
16 44 32
44 32 45
32 45 37
10 50 12
50 12 46
12 46 13
46 13 47
13 47 14
47 14 48
14 48 33
48 33 49
37 32 34
37 34 38
34 38 33
33 38 49